0.000000
0.073800
0.271000
0.363000
0.428300
0.482700
0.540900
0.590200
0.636500
0.678000
0.708200
0.738700
0.768700
0.796400
0.816500
0.834700
0.854100
0.868900
0.883000
0.895400
0.906200
0.916100
0.924000
0.933900
0.941400
0.948700
0.954200
0.957900
0.962200
0.965700
0.969100
0.974300
0.976800
0.979600
0.982000
0.984000
0.985700
0.987400
0.988300
0.989700
0.990700
0.991400
0.992500
0.993500
0.994200
0.994700
0.995300
0.996100
0.996100
0.996800
0.997200
0.997500
0.997900
0.998000
0.998400
0.998600
0.998900
0.999100
0.999300
0.999600
0.999500
0.999600
0.999600
0.999600
0.999600
0.999600
0.999700
0.999600
0.999600
0.999800
0.999800
0.999900
0.999900
0.999900
0.999900
0.999900
0.999900
0.999900
0.999800
0.999800
0.999900
0.999900
0.999900
0.999900
1.000000
1.000000
1.000000
1.000000
1.000000
1.000000
1.000000
1.000000
1.000000
1.000000
1.000000
1.000000
