0.000000
0.000000
0.002100
0.005200
0.009200
0.011400
0.014500
0.016800
0.018500
0.019800
0.022200
0.022500
0.022900
0.024400
0.024800
0.025700
0.028600
0.027800
0.027300
0.027400
0.026300
0.027400
0.029700
0.030200
0.030700
0.031700
0.030900
0.030600
0.031200
0.030800
0.031300
0.032100
0.034600
0.033800
0.033600
0.033400
0.033400
0.033200
0.035100
0.035300
0.036100
0.033900
0.034200
0.034200
0.035000
0.033900
0.035100
0.036000
0.035500
0.036000
0.037300
0.037300
0.036900
0.037700
0.037900
0.038000
0.039900
0.039900
0.038600
0.039200
0.038800
0.038500
0.038500
0.037500
0.038100
0.038500
0.039300
0.040500
0.040000
0.040400
0.041000
0.040200
0.040000
0.039900
0.039600
0.040100
0.040400
0.041000
0.040400
0.041900
0.041100
0.041500
0.041400
0.042500
0.043300
0.042900
0.042500
0.043200
0.043000
0.043200
0.043800
0.043300
0.042900
0.042500
0.042800
0.042800
