0.046900
0.050200
0.051700
0.053400
0.053100
0.053600
0.050500
0.051200
0.049400
0.051300
0.050000
0.051500
0.049700
0.050400
0.050200
0.051300
0.051700
0.052000
0.051500
0.051400
0.050700
0.049100
0.049800
0.049500
0.048700
0.049800
0.049600
0.051000
0.051300
0.049300
0.048200
0.048300
0.049000
0.048400
0.050000
0.051400
0.051200
0.051300
0.049400
0.050600
0.050500
0.049800
0.048500
0.048500
0.047700
0.046800
0.049700
0.048400
0.049800
0.050500
0.047900
0.048800
0.049000
0.048600
0.048400
0.049100
0.048800
0.050200
0.048800
0.049600
0.048800
0.050700
0.049500
0.049300
0.049400
0.047100
0.047800
0.048600
0.049300
0.049800
0.048200
0.050300
0.050300
0.051800
0.052400
0.049400
0.050100
0.050600
0.050900
0.049500
0.050600
0.049900
0.051700
0.052900
0.050700
0.050800
0.050000
0.049800
0.050700
0.051300
0.050900
0.051600
0.050000
0.050300
0.051000
0.051000
