0.376900
0.439900
0.500400
0.555300
0.599300
0.639000
0.671600
0.702600
0.735900
0.766100
0.792100
0.814100
0.832300
0.850400
0.866600
0.880600
0.895300
0.904900
0.914100
0.924900
0.933900
0.940400
0.946000
0.952900
0.957700
0.962900
0.966800
0.971200
0.973400
0.977100
0.980600
0.982900
0.986500
0.987400
0.988800
0.989600
0.991000
0.991200
0.992200
0.993200
0.993600
0.994400
0.994800
0.995800
0.996400
0.997300
0.997200
0.997700
0.998300
0.998700
0.998700
0.999100
0.999200
0.999200
0.999400
0.999400
0.999500
0.999400
0.999800
0.999800
0.999800
0.999800
0.999800
0.999800
0.999800
0.999800
0.999800
0.999900
0.999700
0.999800
0.999800
0.999900
0.999900
0.999800
0.999900
0.999900
0.999900
1.000000
1.000000
1.000000
1.000000
1.000000
1.000000
1.000000
1.000000
1.000000
1.000000
1.000000
1.000000
1.000000
1.000000
1.000000
1.000000
1.000000
1.000000
1.000000
